<?xml version="1.0"?>
<opencv_storage>
<K type_id="opencv-matrix">
  <rows>3</rows>
  <cols>3</cols>
  <dt>d</dt>
  <data>
    1.1577794215187298e+03 0. 6.6711105010311655e+02 0.
    1.1528230514395696e+03 3.8612906821670555e+02 0. 0. 1.</data></K>
<D type_id="opencv-matrix">
  <rows>1</rows>
  <cols>5</cols>
  <dt>d</dt>
  <data>
    -2.4688832473193098e-01 -2.3728173302934939e-02
    -1.0984299491359978e-03 3.5105290468671630e-04
    -2.5913269984121651e-03</data></D>
</opencv_storage>
